394.87747
395.513833
396.150197
396.78656
397.422924
398.059288
398.695651
399.332015
399.968378
400.604742
401.241105
401.877469
402.513833
403.150196
403.78656
404.422923
405.059287
405.695651
406.332014
406.968378
407.604741
408.241105
408.877468
409.513832
410.150196
410.786559
411.422923
412.059286
412.69565
413.332014
413.968377
414.604741
415.241104
415.877468
416.513831
417.150195
417.786559
418.422922
419.059286
419.695649
420.332013
420.968377
421.60474
422.241104
422.877467
423.513831
424.150194
424.786558
425.422922
426.059285
426.695649
427.332012
427.968376
428.60474
429.241103
429.877467
430.51383
431.150194
431.786557
432.422921
433.059285
433.695648
434.332012
434.968375
435.604739
436.241103
436.877466
437.51383
438.150193
438.786557
439.42292
440.059284
440.695648
441.332011
441.968375
442.604738
443.241102
443.877466
444.513829
445.150193
445.786556
446.42292
447.059283
447.695647
448.332011
448.968374
449.604738
450.241101
450.877465
451.513829
452.150192
452.786556
453.422919
454.059283
454.695646
455.33201
455.968374
456.604737
457.241101
457.877464
458.513828
459.150192
459.786555
460.422919
461.059282
461.695646
462.332009
462.968373
463.604737
464.2411
464.877464
465.513827
466.150191
466.786555
467.422918
468.059282
468.695645
469.332009
469.968372
470.604736
471.2411
471.877463
472.513827
473.15019
473.786554
474.422918
475.059281
475.695645
476.332008
476.968372
477.604735
478.241099
478.877463
479.513826
480.15019
480.786553
481.422917
482.059281
482.695644
483.332008
483.968371
484.604735
485.241098
485.877462
486.513826
487.150189
487.786553
488.422916
489.05928
489.695644
490.332007
490.968371
491.604734
492.241098
492.877462
493.513825
494.150189
494.786552
495.422916
496.059279
496.695643
497.332007
497.96837
498.604734
499.241097
499.877461
500.513825
501.150188
501.786552
502.422915
503.059279
503.695642
504.332006
504.96837
505.604733
506.241097
506.87746
507.513824
508.150188
508.786551
509.422915
510.059278
510.695642
511.332005
511.968369
512.604733
513.241096
513.87746
514.513823
515.150187
515.786551
516.422914
517.059278
517.695641
518.332005
518.968368
519.604732
520.241096
520.877459
521.513823
522.150186
522.78655
523.422914
524.059277
524.695641
525.332004
525.968368
526.604731
527.241095
527.877459
528.513822
529.150186
529.786549
530.422913
531.059277
531.69564
532.332004
532.968367
533.604731
534.241094
534.877458
535.513822
536.150185
536.786549
537.422912
538.059276
538.69564
539.332003
539.968367
540.60473
541.241094
541.877457
542.513821
543.150185
543.786548
544.422912
545.059275
545.695639
546.332003
546.968366
547.60473
548.241093
548.877457
549.51382
550.150184
550.786548
551.422911
552.059275
552.695638
553.332002
553.968366
554.604729
555.241093
555.877456
556.51382
557.150183
557.786547
558.422911
559.059274
559.695638
560.332001
560.968365
561.604729
562.241092
562.877456
563.513819
564.150183
564.786546
565.42291
566.059274
566.695637
567.332001
567.968364
568.604728
569.241092
569.877455
570.513819
571.150182
571.786546
572.422909
573.059273
573.695637
574.332
574.968364
575.604727
576.241091
576.877455
577.513818
578.150182
578.786545
579.422909
580.059272
580.695636
581.332
581.968363
582.604727
583.24109
583.877454
584.513818
585.150181
585.786545
586.422908
587.059272
587.695636
588.331999
588.968363
589.604726
590.24109
590.877453
591.513817
592.150181
592.786544
593.422908
594.059271
594.695635
595.331999
595.968362
596.604726
597.241089
597.877453
598.513816
599.15018
599.786544
600.422907
601.059271
601.695634
602.331998
602.968362
603.604725
604.241089
604.877452
605.513816
606.150179
606.786543
607.422907
608.05927
608.695634
609.331997
609.968361
610.604725
611.241088
611.877452
612.513815
613.150179
613.786542
614.422906
615.05927
615.695633
616.331997
616.96836
617.604724
618.241088
618.877451
619.513815
620.150178
620.786542
621.422905
622.059269
622.695633
623.331996
623.96836
624.604723
625.241087
625.877451
626.513814
627.150178
627.786541
628.422905
629.059268
629.695632
630.331996
630.968359
631.604723
632.241086
632.87745
633.513814
634.150177
634.786541
635.422904
636.059268
636.695631
637.331995
637.968359
638.604722
639.241086
639.877449
640.513813
641.150177
641.78654
642.422904
643.059267
643.695631
644.331994
644.968358
645.604722
646.241085
646.877449
647.513812
648.150176
648.78654
649.422903
650.059267
650.69563
651.331994
651.968357
652.604721
653.241085
653.877448
654.513812
655.150175
655.786539
656.422903
657.059266
657.69563
658.331993
658.968357
659.60472
660.241084
660.877448
661.513811
662.150175
662.786538
663.422902
664.059266
664.695629
665.331993
665.968356
666.60472
667.241083
667.877447
668.513811
669.150174
669.786538
670.422901
671.059265
671.695629
672.331992
672.968356
673.604719
674.241083
674.877446
675.51381
676.150174
676.786537
677.422901
678.059264
678.695628
679.331992
679.968355
680.604719
681.241082
681.877446
682.513809
683.150173
683.786537
684.4229
685.059264
685.695627
686.331991
686.968355
687.604718
688.241082
688.877445
689.513809
690.150173
690.786536
691.4229
692.059263
692.695627
693.33199
693.968354
694.604718
695.241081
695.877445
696.513808
697.150172
697.786536
698.422899
699.059263
699.695626
700.33199
700.968353
701.604717
702.241081
702.877444
703.513808
704.150171
704.786535
705.422899
706.059262
706.695626
707.331989
707.968353
708.604716
709.24108
709.877444
710.513807
711.150171
711.786534
712.422898
713.059262
713.695625
714.331989
714.968352
715.604716
716.241079
716.877443
717.513807
718.15017
718.786534
719.422897
720.059261
720.695625
721.331988
721.968352
722.604715
723.241079
723.877442
724.513806
725.15017
725.786533
726.422897
727.05926
727.695624
728.331988
728.968351
729.604715
730.241078
730.877442
731.513805
732.150169
732.786533
733.422896
734.05926
734.695623
735.331987
735.968351
736.604714
737.241078
737.877441
738.513805
739.150168
739.786532
740.422896
741.059259
741.695623
742.331986
742.96835
743.604714
744.241077
744.877441
745.513804
746.150168
746.786531
747.422895
748.059259
748.695622
749.331986
749.968349
750.604713
751.241077
751.87744
752.513804
753.150167
753.786531
754.422894
755.059258
755.695622
756.331985
756.968349
757.604712
758.241076
758.87744
759.513803
760.150167
760.78653
761.422894
762.059257
762.695621
763.331985
763.968348
764.604712
765.241075
765.877439
766.513803
767.150166
767.78653
768.422893
769.059257
769.69562
770.331984
770.968348
771.604711
772.241075
772.877438
773.513802
774.150166
774.786529
775.422893
776.059256
776.69562
777.331983
777.968347
778.604711
779.241074
779.877438
780.513801
781.150165
781.786529
782.422892
783.059256
783.695619
784.331983
784.968347
785.60471
786.241074
786.877437
787.513801
788.150164
788.786528
789.422892
790.059255
790.695619
791.331982
791.968346
792.60471
793.241073
793.877437
794.5138
795.150164
795.786527
796.422891
797.059255
797.695618
798.331982
798.968345
799.604709
800.241073
800.877436
801.5138
802.150163
802.786527
803.42289
804.059254
804.695618
805.331981
805.968345
806.604708
807.241072
807.877436
808.513799
809.150163
809.786526
810.42289
811.059253
811.695617
812.331981
812.968344
813.604708
814.241071
814.877435
815.513799
816.150162
816.786526
817.422889
818.059253
818.695616
819.33198
819.968344
820.604707
821.241071
821.877434
822.513798
823.150162
823.786525
824.422889
825.059252
825.695616
826.331979
826.968343
827.604707
828.24107
828.877434
829.513797
830.150161
830.786525
831.422888
832.059252
832.695615
833.331979
833.968342
834.604706
835.24107
835.877433
836.513797
837.15016
837.786524
838.422888
839.059251
839.695615
840.331978
840.968342
841.604705
842.241069
842.877433
843.513796
844.15016
844.786523
845.422887
846.059251
846.695614
847.331978
847.968341
848.604705
849.241068
849.877432
850.513796
851.150159
851.786523
852.422886
853.05925
853.695614
854.331977
854.968341
855.604704
856.241068
856.877431
857.513795
858.150159
858.786522
859.422886
860.059249
860.695613
861.331977
861.96834
862.604704
863.241067
863.877431
864.513794
865.150158
865.786522
866.422885
867.059249
867.695612
868.331976
868.96834
869.604703
870.241067
870.87743
871.513794
872.150157
872.786521
873.422885
874.059248
874.695612
875.331975
875.968339
876.604703
877.241066
877.87743
878.513793
879.150157
879.786521
880.422884
881.059248
881.695611
882.331975
882.968338
883.604702
884.241066
884.877429
885.513793
886.150156
886.78652
887.422884
888.059247
888.695611
889.331974
889.968338
890.604701
891.241065
891.877429
892.513792
893.150156
893.786519
894.422883
895.059247
895.69561
896.331974
896.968337
897.604701
898.241064
898.877428
899.513792
900.150155
900.786519
901.422882
902.059246
902.69561
903.331973
903.968337
904.6047
905.241064
905.877427
906.513791
907.150155
907.786518
908.422882
909.059245
909.695609
910.331973
910.968336
911.6047
912.241063
912.877427
913.51379
914.150154
914.786518
915.422881
916.059245
916.695608
917.331972
917.968336
918.604699
919.241063
919.877426
920.51379
921.150153
921.786517
922.422881
923.059244
923.695608
924.331971
924.968335
925.604699
926.241062
926.877426
927.513789
928.150153
928.786516
929.42288
930.059244
930.695607
931.331971
931.968334
932.604698
933.241062
933.877425
934.513789
935.150152
935.786516
936.422879
937.059243
937.695607
938.33197
938.968334
939.604697
940.241061
940.877425
941.513788
942.150152
942.786515
943.422879
944.059242
944.695606
945.33197
945.968333
946.604697
947.24106
947.877424
948.513788
949.150151
949.786515
950.422878
951.059242
951.695605
952.331969
952.968333
953.604696
954.24106
954.877423
955.513787
956.150151
956.786514
957.422878
958.059241
958.695605
959.331968
959.968332
960.604696
961.241059
961.877423
962.513786
963.15015
963.786514
964.422877
965.059241
965.695604
966.331968
966.968331
967.604695
968.241059
968.877422
969.513786
970.150149
970.786513
971.422877
972.05924
972.695604
973.331967
973.968331
974.604694
975.241058
975.877422
976.513785
977.150149
977.786512
978.422876
979.05924
979.695603
980.331967
980.96833
981.604694
982.241058
982.877421
983.513785
984.150148
984.786512
985.422875
986.059239
986.695603
987.331966
987.96833
988.604693
989.241057
989.877421
990.513784
991.150148
991.786511
992.422875
993.059238
993.695602
994.331966
994.968329
995.604693
996.241056
996.87742
997.513784
998.150147
998.786511